camera_matrix:
  cols: 3
  data: [168.86429674181502, 0.0, 158.45333730136835, 0.0, 170.69143299098607, 127.85569059540695,
    0.0, 0.0, 1.0]
  rows: 3
camera_name: duckiebot/camera_node
distortion_coefficients:
  cols: 5
  data: [-0.276654057828479, 0.05534522203822337, -0.0009394358614912053, -0.0009283327224723951,
    0.0]
  rows: 1
distortion_model: plumb_bob
image_height: 240
image_width: 320
projection_matrix:
  cols: 4
  data: [115.76082611083984, 0.0, 158.34475072493296, 0.0, 0.0, 141.1899871826172,
    131.31041719121458, 0.0, 0.0, 0.0, 1.0, 0.0]
  rows: 3
rectification_matrix:
  cols: 3
  data: [1.0, 0.0, 0.0, 0.0, 1.0, 0.0, 0.0, 0.0, 1.0]
  rows: 3
